   4.1846934e+00   1.7453307e+00   3.0115707e+00   3.5226050e+00   1.8238255e+00   2.5865350e+00   1.8295715e+00   1.6764569e+00   2.7856781e+00   2.2226158e+00
   1.7453307e+00   5.6493153e+00   2.7436421e+00   3.5705561e+00   1.7255355e+00   3.0297011e+00   1.6418683e+00   1.9692532e+00   2.6436960e+00   2.7140354e+00
   3.0115707e+00   2.7436421e+00   5.4643889e+00   4.2666284e+00   2.0237484e+00   4.0822745e+00   1.9263405e+00   2.4486757e+00   2.6654800e+00   3.5794188e+00
   3.5226050e+00   3.5705561e+00   4.2666284e+00   6.4493766e+00   2.8472947e+00   4.2455911e+00   2.5335419e+00   2.9115289e+00   4.0455705e+00   3.4613071e+00
   1.8238255e+00   1.7255355e+00   2.0237484e+00   2.8472947e+00   2.8459196e+00   1.8457570e+00   1.3193187e+00   1.1043275e+00   2.0539500e+00   1.4155771e+00
   2.5865350e+00   3.0297011e+00   4.0822745e+00   4.2455911e+00   1.8457570e+00   5.3294902e+00   2.2113878e+00   2.6528242e+00   2.4469040e+00   3.9308337e+00
   1.8295715e+00   1.6418683e+00   1.9263405e+00   2.5335419e+00   1.3193187e+00   2.2113878e+00   3.2958357e+00   1.4229082e+00   1.9563553e+00   1.6988525e+00
   1.6764569e+00   1.9692532e+00   2.4486757e+00   2.9115289e+00   1.1043275e+00   2.6528242e+00   1.4229082e+00   3.3364627e+00   2.1833710e+00   2.1198736e+00
   2.7856781e+00   2.6436960e+00   2.6654800e+00   4.0455705e+00   2.0539500e+00   2.4469040e+00   1.9563553e+00   2.1833710e+00   5.5468682e+00   1.9523067e+00
   2.2226158e+00   2.7140354e+00   3.5794188e+00   3.4613071e+00   1.4155771e+00   3.9308337e+00   1.6988525e+00   2.1198736e+00   1.9523067e+00   3.7290845e+00
